1.538085937500000000e+00
1.538085937500000000e+00
-8.789062500000000000e-01
1.977539062500000000e+00
-1.098632812500000000e+00
2.416992187500000000e+00
8.789062500000000000e-01
1.318359375000000000e+00
-2.197265625000000000e-01
1.977539062500000000e+00
-4.394531250000000000e-01
-2.197265625000000000e-01
6.591796875000000000e-01
-1.977539062500000000e+00
1.318359375000000000e+00
1.098632812500000000e+00
-2.197265625000000000e-01
-2.197265625000000000e-01
2.636718750000000000e+00
-6.591796875000000000e-01
-6.591796875000000000e-01
-1.538085937500000000e+00
4.394531250000000000e-01
2.416992187500000000e+00
1.098632812500000000e+00
2.416992187500000000e+00
-2.636718750000000000e+00
-1.977539062500000000e+00
-1.538085937500000000e+00
2.416992187500000000e+00
8.789062500000000000e-01
1.098632812500000000e+00
-1.098632812500000000e+00
-4.174804687500000000e+00
-4.394531250000000000e-01
-1.318359375000000000e+00
-6.591796875000000000e-01
2.197265625000000000e-01
-1.757812500000000000e+00
6.591796875000000000e-01
6.591796875000000000e-01
1.538085937500000000e+00
8.789062500000000000e-01
-2.197265625000000000e-01
-6.591796875000000000e-01
-2.197265625000000000e-01
2.197265625000000000e+00
-4.394531250000000000e-01
-2.197265625000000000e-01
-3.735351562500000000e+00
2.197265625000000000e+00
-3.515625000000000000e+00
1.538085937500000000e+00
-1.977539062500000000e+00
1.757812500000000000e+00
8.789062500000000000e-01
-6.591796875000000000e-01
-2.197265625000000000e-01
8.789062500000000000e-01
-1.538085937500000000e+00
2.197265625000000000e-01
1.977539062500000000e+00
0.000000000000000000e+00
3.295898437500000000e+00
-2.197265625000000000e-01
2.416992187500000000e+00
-1.318359375000000000e+00
-6.591796875000000000e-01
-2.197265625000000000e-01
1.098632812500000000e+00
0.000000000000000000e+00
-6.591796875000000000e-01
1.538085937500000000e+00
-3.295898437500000000e+00
-1.318359375000000000e+00
1.098632812500000000e+00
-1.538085937500000000e+00
6.591796875000000000e-01
1.757812500000000000e+00
1.098632812500000000e+00
-6.591796875000000000e-01
-2.197265625000000000e-01
1.757812500000000000e+00
8.789062500000000000e-01
1.098632812500000000e+00
1.538085937500000000e+00
-2.197265625000000000e+00
1.318359375000000000e+00
2.197265625000000000e-01
1.538085937500000000e+00
4.394531250000000000e-01
2.197265625000000000e-01
-6.591796875000000000e-01
2.856445312500000000e+00
0.000000000000000000e+00
-1.977539062500000000e+00
6.591796875000000000e-01
-2.856445312500000000e+00
-3.076171875000000000e+00
-2.416992187500000000e+00
-2.856445312500000000e+00
3.735351562500000000e+00
2.636718750000000000e+00
-1.318359375000000000e+00
-2.197265625000000000e-01
-6.591796875000000000e-01
-3.955078125000000000e+00
1.538085937500000000e+00
6.591796875000000000e-01
2.416992187500000000e+00
1.318359375000000000e+00
6.591796875000000000e-01
1.538085937500000000e+00
2.416992187500000000e+00
-8.789062500000000000e-01
-2.416992187500000000e+00
2.197265625000000000e-01
3.735351562500000000e+00
0.000000000000000000e+00
-1.538085937500000000e+00
-2.197265625000000000e-01
2.856445312500000000e+00
-2.197265625000000000e+00
-2.856445312500000000e+00
6.591796875000000000e-01
1.098632812500000000e+00
0.000000000000000000e+00
-1.538085937500000000e+00
2.197265625000000000e-01
1.977539062500000000e+00
-1.318359375000000000e+00
-2.197265625000000000e+00
2.197265625000000000e-01
-1.977539062500000000e+00
-8.789062500000000000e-01
-2.416992187500000000e+00
-1.977539062500000000e+00
-6.591796875000000000e-01
8.789062500000000000e-01
-1.318359375000000000e+00
-6.591796875000000000e-01
1.098632812500000000e+00
-4.394531250000000000e-01
0.000000000000000000e+00
1.538085937500000000e+00
-2.197265625000000000e-01
8.789062500000000000e-01
-1.757812500000000000e+00
2.197265625000000000e-01
6.591796875000000000e-01
0.000000000000000000e+00
1.538085937500000000e+00
6.591796875000000000e-01
1.098632812500000000e+00
-2.636718750000000000e+00
6.591796875000000000e-01
-2.197265625000000000e-01
-6.591796875000000000e-01
-8.789062500000000000e-01
-1.318359375000000000e+00
1.098632812500000000e+00
-1.977539062500000000e+00
-3.515625000000000000e+00
-2.856445312500000000e+00
-1.538085937500000000e+00
-2.416992187500000000e+00
8.789062500000000000e-01
-2.197265625000000000e+00
-1.538085937500000000e+00
-3.735351562500000000e+00
-2.636718750000000000e+00
2.197265625000000000e-01
-6.591796875000000000e-01
-2.416992187500000000e+00
0.000000000000000000e+00
-8.789062500000000000e-01
2.197265625000000000e-01
-3.735351562500000000e+00
8.789062500000000000e-01
-4.394531250000000000e-01
-1.098632812500000000e+00
1.977539062500000000e+00
-3.076171875000000000e+00
-2.197265625000000000e-01
1.098632812500000000e+00
-1.977539062500000000e+00
4.394531250000000000e-01
4.394531250000000000e-01
-2.856445312500000000e+00
6.591796875000000000e-01
3.076171875000000000e+00
-1.538085937500000000e+00
-1.098632812500000000e+00
2.197265625000000000e-01
-8.789062500000000000e-01
6.591796875000000000e-01
1.977539062500000000e+00
2.197265625000000000e-01
-8.789062500000000000e-01
2.856445312500000000e+00
6.591796875000000000e-01
2.197265625000000000e-01
0.000000000000000000e+00
1.757812500000000000e+00
1.098632812500000000e+00
1.538085937500000000e+00
4.394531250000000000e-01
1.318359375000000000e+00
-6.591796875000000000e-01
6.591796875000000000e-01
-8.789062500000000000e-01
1.538085937500000000e+00
-2.197265625000000000e-01
6.591796875000000000e-01
1.757812500000000000e+00
1.757812500000000000e+00
-1.098632812500000000e+00
6.591796875000000000e-01
4.394531250000000000e-01
-4.394531250000000000e+00
-6.591796875000000000e-01
-6.591796875000000000e-01
2.197265625000000000e+00
-4.394531250000000000e-01
-1.538085937500000000e+00
6.591796875000000000e-01
-1.318359375000000000e+00
-1.757812500000000000e+00
-1.098632812500000000e+00
1.977539062500000000e+00
-4.394531250000000000e-01
1.318359375000000000e+00
2.197265625000000000e-01
2.197265625000000000e-01
1.757812500000000000e+00
0.000000000000000000e+00
-1.098632812500000000e+00
-2.856445312500000000e+00
-3.515625000000000000e+00
1.538085937500000000e+00
-2.197265625000000000e-01
1.098632812500000000e+00
8.789062500000000000e-01
2.197265625000000000e-01
-1.098632812500000000e+00
6.591796875000000000e-01
-8.789062500000000000e-01
-1.098632812500000000e+00
-2.197265625000000000e-01
2.197265625000000000e-01
-1.757812500000000000e+00
2.636718750000000000e+00
1.098632812500000000e+00
6.591796875000000000e-01
1.318359375000000000e+00
-1.538085937500000000e+00
-6.591796875000000000e-01
2.197265625000000000e-01
8.789062500000000000e-01
-8.789062500000000000e-01
-2.197265625000000000e-01
-1.098632812500000000e+00
4.394531250000000000e-01
1.098632812500000000e+00
6.591796875000000000e-01
1.977539062500000000e+00
-2.197265625000000000e+00
-4.394531250000000000e-01
-2.197265625000000000e-01
-1.098632812500000000e+00
0.000000000000000000e+00
0.000000000000000000e+00
1.977539062500000000e+00
2.416992187500000000e+00
-1.757812500000000000e+00
-1.098632812500000000e+00
-6.591796875000000000e-01
1.098632812500000000e+00
8.789062500000000000e-01
-1.538085937500000000e+00
1.977539062500000000e+00
-1.538085937500000000e+00
-1.318359375000000000e+00
-8.789062500000000000e-01
-2.197265625000000000e-01
1.098632812500000000e+00
3.076171875000000000e+00
2.416992187500000000e+00
1.098632812500000000e+00
-1.098632812500000000e+00
0.000000000000000000e+00
6.591796875000000000e-01
1.098632812500000000e+00
1.098632812500000000e+00
-1.318359375000000000e+00
-1.098632812500000000e+00
1.538085937500000000e+00
-1.538085937500000000e+00
-8.789062500000000000e-01
-2.197265625000000000e+00
-6.591796875000000000e-01
-1.098632812500000000e+00
-1.318359375000000000e+00
-1.757812500000000000e+00
2.197265625000000000e-01
-2.197265625000000000e-01
0.000000000000000000e+00
8.789062500000000000e-01
2.416992187500000000e+00
2.416992187500000000e+00
8.789062500000000000e-01
1.977539062500000000e+00
6.591796875000000000e-01
-1.538085937500000000e+00
-1.318359375000000000e+00
0.000000000000000000e+00
2.197265625000000000e-01
6.591796875000000000e-01
-4.394531250000000000e-01
3.295898437500000000e+00
-2.197265625000000000e-01
-1.977539062500000000e+00
-4.394531250000000000e-01
8.789062500000000000e-01
-1.098632812500000000e+00
-1.098632812500000000e+00
1.318359375000000000e+00
1.318359375000000000e+00
2.197265625000000000e-01
6.591796875000000000e-01
8.789062500000000000e-01
6.591796875000000000e-01
-2.197265625000000000e-01
2.197265625000000000e-01
-4.394531250000000000e-01
1.538085937500000000e+00
-6.591796875000000000e-01
-2.197265625000000000e-01
2.197265625000000000e+00
2.197265625000000000e+00
-2.197265625000000000e-01
-2.197265625000000000e-01
-4.394531250000000000e-01
-2.416992187500000000e+00
1.098632812500000000e+00
1.977539062500000000e+00
-2.636718750000000000e+00
-1.977539062500000000e+00
-1.538085937500000000e+00
-1.538085937500000000e+00
-4.394531250000000000e-01
6.591796875000000000e-01
-2.197265625000000000e-01
-1.098632812500000000e+00
-8.789062500000000000e-01
8.789062500000000000e-01
1.538085937500000000e+00
1.098632812500000000e+00
-8.789062500000000000e-01
1.538085937500000000e+00
1.977539062500000000e+00
2.416992187500000000e+00
-4.394531250000000000e-01
1.318359375000000000e+00
2.197265625000000000e-01
2.416992187500000000e+00
3.515625000000000000e+00
1.757812500000000000e+00
1.098632812500000000e+00
-3.735351562500000000e+00
8.789062500000000000e-01
-3.076171875000000000e+00
-1.977539062500000000e+00
2.416992187500000000e+00
1.757812500000000000e+00
1.318359375000000000e+00
6.591796875000000000e-01
1.098632812500000000e+00
8.789062500000000000e-01
-1.757812500000000000e+00
-6.591796875000000000e-01
-4.174804687500000000e+00
-3.076171875000000000e+00
1.538085937500000000e+00
1.538085937500000000e+00
3.295898437500000000e+00
-4.394531250000000000e-01
6.591796875000000000e-01
-6.591796875000000000e-01
1.098632812500000000e+00
1.318359375000000000e+00
-4.394531250000000000e-01
-1.538085937500000000e+00
1.098632812500000000e+00
-8.789062500000000000e-01
-8.789062500000000000e-01
2.197265625000000000e-01
2.197265625000000000e-01
0.000000000000000000e+00
8.789062500000000000e-01
1.977539062500000000e+00
-1.098632812500000000e+00
-2.636718750000000000e+00
-1.098632812500000000e+00
1.098632812500000000e+00
1.098632812500000000e+00
-8.789062500000000000e-01
1.977539062500000000e+00
-1.098632812500000000e+00
-1.538085937500000000e+00
-3.515625000000000000e+00
6.591796875000000000e-01
-6.591796875000000000e-01
2.197265625000000000e-01
-4.394531250000000000e-01
-1.538085937500000000e+00
1.098632812500000000e+00
1.977539062500000000e+00
-2.636718750000000000e+00
1.757812500000000000e+00
-1.977539062500000000e+00
1.538085937500000000e+00
1.318359375000000000e+00
1.318359375000000000e+00
2.197265625000000000e-01
-2.856445312500000000e+00
1.757812500000000000e+00
6.591796875000000000e-01
-6.591796875000000000e-01
-2.416992187500000000e+00
4.394531250000000000e-01
-2.636718750000000000e+00
2.197265625000000000e-01
-1.538085937500000000e+00
8.789062500000000000e-01
1.757812500000000000e+00
1.098632812500000000e+00
-2.416992187500000000e+00
-4.394531250000000000e-01
-2.856445312500000000e+00
2.197265625000000000e-01
-1.977539062500000000e+00
-1.757812500000000000e+00
1.318359375000000000e+00
-2.197265625000000000e-01
-1.098632812500000000e+00
-4.394531250000000000e-01
4.394531250000000000e-01
-1.098632812500000000e+00
-2.197265625000000000e-01
-4.394531250000000000e-01
4.394531250000000000e-01
-6.591796875000000000e-01
-1.538085937500000000e+00
-2.197265625000000000e+00
1.538085937500000000e+00
-6.591796875000000000e-01
-2.416992187500000000e+00
2.636718750000000000e+00
-8.789062500000000000e-01
-2.197265625000000000e-01
-1.098632812500000000e+00
8.789062500000000000e-01
1.098632812500000000e+00
1.538085937500000000e+00
1.977539062500000000e+00
-3.515625000000000000e+00
6.591796875000000000e-01
2.197265625000000000e-01
1.538085937500000000e+00
2.197265625000000000e+00
6.591796875000000000e-01
-1.098632812500000000e+00
-1.538085937500000000e+00
-2.636718750000000000e+00
1.538085937500000000e+00
1.538085937500000000e+00
-6.591796875000000000e-01
2.636718750000000000e+00
2.197265625000000000e-01
2.197265625000000000e-01
2.197265625000000000e-01
4.394531250000000000e-01
6.591796875000000000e-01
-1.098632812500000000e+00
-2.416992187500000000e+00
-1.318359375000000000e+00
6.591796875000000000e-01
-1.977539062500000000e+00
-6.591796875000000000e-01
-2.636718750000000000e+00
-1.977539062500000000e+00
-2.197265625000000000e-01
6.591796875000000000e-01
-2.197265625000000000e+00
-2.197265625000000000e-01
-1.538085937500000000e+00
2.197265625000000000e-01
0.000000000000000000e+00
0.000000000000000000e+00
-6.591796875000000000e-01
-1.977539062500000000e+00
1.757812500000000000e+00
-2.197265625000000000e-01
-2.197265625000000000e-01
2.416992187500000000e+00
8.789062500000000000e-01
2.197265625000000000e+00
1.538085937500000000e+00
1.538085937500000000e+00
2.636718750000000000e+00
8.789062500000000000e-01
-2.197265625000000000e-01
-2.197265625000000000e-01
0.000000000000000000e+00
-1.538085937500000000e+00
-1.098632812500000000e+00
-6.591796875000000000e-01
-1.757812500000000000e+00
-1.757812500000000000e+00
2.197265625000000000e-01
-2.197265625000000000e-01
1.318359375000000000e+00
1.098632812500000000e+00
1.977539062500000000e+00
-2.856445312500000000e+00
-8.789062500000000000e-01
0.000000000000000000e+00
-2.197265625000000000e-01
1.098632812500000000e+00
8.789062500000000000e-01
-2.856445312500000000e+00
-1.977539062500000000e+00
-1.098632812500000000e+00
0.000000000000000000e+00
-3.955078125000000000e+00
-6.591796875000000000e-01
2.416992187500000000e+00
-8.789062500000000000e-01
6.591796875000000000e-01
-1.098632812500000000e+00
-6.591796875000000000e-01
-3.076171875000000000e+00
-2.197265625000000000e+00
-2.197265625000000000e-01
3.295898437500000000e+00
-3.076171875000000000e+00
2.636718750000000000e+00
1.538085937500000000e+00
-2.856445312500000000e+00
1.757812500000000000e+00
3.295898437500000000e+00
-6.591796875000000000e-01
-2.856445312500000000e+00
-4.394531250000000000e-01
4.394531250000000000e-01
6.591796875000000000e-01
-2.416992187500000000e+00
2.197265625000000000e+00
-1.098632812500000000e+00
-1.098632812500000000e+00
1.977539062500000000e+00
-8.789062500000000000e-01
4.394531250000000000e-01
1.098632812500000000e+00
-1.977539062500000000e+00
2.197265625000000000e+00
-2.197265625000000000e-01
2.197265625000000000e-01
-2.197265625000000000e-01
2.197265625000000000e+00
1.538085937500000000e+00
-2.197265625000000000e-01
1.977539062500000000e+00
4.394531250000000000e-01
1.098632812500000000e+00
-2.197265625000000000e-01
-2.856445312500000000e+00
4.394531250000000000e-01
-1.318359375000000000e+00
-1.538085937500000000e+00
2.416992187500000000e+00
4.394531250000000000e-01
-1.977539062500000000e+00
1.538085937500000000e+00
-2.416992187500000000e+00
8.789062500000000000e-01
-1.977539062500000000e+00
-2.197265625000000000e-01
-1.538085937500000000e+00
-3.076171875000000000e+00
1.977539062500000000e+00
-6.591796875000000000e-01
-1.098632812500000000e+00
-2.636718750000000000e+00
-2.197265625000000000e-01
-1.098632812500000000e+00
-2.197265625000000000e-01
-2.197265625000000000e+00
1.098632812500000000e+00
1.538085937500000000e+00
-2.416992187500000000e+00
4.394531250000000000e-01
-1.098632812500000000e+00
-1.098632812500000000e+00
-2.197265625000000000e-01
-8.789062500000000000e-01
0.000000000000000000e+00
-1.977539062500000000e+00
-1.977539062500000000e+00
-4.394531250000000000e-01
-1.098632812500000000e+00
-2.197265625000000000e-01
-1.538085937500000000e+00
-2.197265625000000000e+00
2.197265625000000000e-01
-1.098632812500000000e+00
-6.591796875000000000e-01
-2.636718750000000000e+00
-1.757812500000000000e+00
-1.977539062500000000e+00
-1.977539062500000000e+00
2.197265625000000000e+00
-2.197265625000000000e-01
-2.197265625000000000e-01
-1.098632812500000000e+00
4.394531250000000000e-01
-2.197265625000000000e-01
-6.591796875000000000e-01
6.591796875000000000e-01
-2.197265625000000000e+00
-2.197265625000000000e+00
2.197265625000000000e-01
1.977539062500000000e+00
2.636718750000000000e+00
8.789062500000000000e-01
-1.098632812500000000e+00
-3.295898437500000000e+00
-2.636718750000000000e+00
-2.636718750000000000e+00
6.591796875000000000e-01
-2.416992187500000000e+00
-2.636718750000000000e+00
8.789062500000000000e-01
1.538085937500000000e+00
1.098632812500000000e+00
2.197265625000000000e+00
6.908203125000000000e+02
9.828369140625000000e+02
9.938232421875000000e+02
1.007006835937500000e+03
1.019311523437500000e+03
1.032055664062500000e+03
1.016894531250000000e+03
1.029418945312500000e+03
3.289306640625000000e+02
4.855957031250000000e+01
2.241210937500000000e+01
3.955078125000000000e+00
-2.856445312500000000e+00
-1.779785156250000000e+01
-2.219238281250000000e+01
-1.560058593750000000e+01
-1.560058593750000000e+01
-1.911621093750000000e+01
-2.131347656250000000e+01
-1.999511718750000000e+01
-1.647949218750000000e+01
-5.053710937500000000e+00
-1.098632812500000000e+01
-2.570800781250000000e+01
-1.384277343750000000e+01
-1.076660156250000000e+01
-9.667968750000000000e+00
-1.076660156250000000e+01
-1.384277343750000000e+01
-1.472167968750000000e+01
-9.008789062500000000e+00
-1.691894531250000000e+01
-1.560058593750000000e+01
-1.472167968750000000e+01
-1.516113281250000000e+01
-1.384277343750000000e+01
-1.252441406250000000e+01
-1.560058593750000000e+01
-1.560058593750000000e+01
-1.516113281250000000e+01
-1.296386718750000000e+01
-1.560058593750000000e+01
-1.428222656250000000e+01
-1.735839843750000000e+01
-1.735839843750000000e+01
-1.604003906250000000e+01
-1.647949218750000000e+01
-1.296386718750000000e+01
-1.735839843750000000e+01
-1.647949218750000000e+01
-1.735839843750000000e+01
-1.779785156250000000e+01
-1.823730468750000000e+01
-1.428222656250000000e+01
-1.604003906250000000e+01
-1.647949218750000000e+01
-1.735839843750000000e+01
-1.472167968750000000e+01
-1.735839843750000000e+01
-1.647949218750000000e+01
-1.428222656250000000e+01
-1.604003906250000000e+01
-1.779785156250000000e+01
-1.823730468750000000e+01
-1.560058593750000000e+01
-1.560058593750000000e+01
-1.516113281250000000e+01
-1.428222656250000000e+01
-1.604003906250000000e+01
-1.604003906250000000e+01
-1.428222656250000000e+01
-1.340332031250000000e+01
-1.560058593750000000e+01
-1.604003906250000000e+01
-1.296386718750000000e+01
-1.647949218750000000e+01
-1.560058593750000000e+01
-1.560058593750000000e+01
-1.428222656250000000e+01
-1.735839843750000000e+01
-1.647949218750000000e+01
-1.560058593750000000e+01
-1.472167968750000000e+01
-1.516113281250000000e+01
-1.208496093750000000e+01
-1.252441406250000000e+01
-1.274414062500000000e+01
-1.384277343750000000e+01
-1.384277343750000000e+01
-1.428222656250000000e+01
-1.647949218750000000e+01
-1.647949218750000000e+01
-1.647949218750000000e+01
-1.340332031250000000e+01
-1.296386718750000000e+01
-1.296386718750000000e+01
-1.208496093750000000e+01
-1.472167968750000000e+01
-1.340332031250000000e+01
-1.472167968750000000e+01
-1.340332031250000000e+01
-1.340332031250000000e+01
-1.186523437500000000e+01
-1.384277343750000000e+01
-1.516113281250000000e+01
-1.384277343750000000e+01
-1.604003906250000000e+01
-1.208496093750000000e+01
-1.384277343750000000e+01
-1.384277343750000000e+01
-1.208496093750000000e+01
-1.472167968750000000e+01
-1.340332031250000000e+01
-1.472167968750000000e+01
-1.604003906250000000e+01
-1.164550781250000000e+01
-1.384277343750000000e+01
-1.384277343750000000e+01
-1.296386718750000000e+01
-1.604003906250000000e+01
-1.604003906250000000e+01
-1.208496093750000000e+01
-1.164550781250000000e+01
-1.208496093750000000e+01
-1.428222656250000000e+01
-1.340332031250000000e+01
-1.340332031250000000e+01
-1.120605468750000000e+01
-1.604003906250000000e+01
-1.428222656250000000e+01
-1.384277343750000000e+01
-1.164550781250000000e+01
-1.472167968750000000e+01
-1.164550781250000000e+01
-1.472167968750000000e+01
-1.560058593750000000e+01
-1.428222656250000000e+01
-1.208496093750000000e+01
-1.120605468750000000e+01
-1.032714843750000000e+01
-1.647949218750000000e+01
-1.428222656250000000e+01
-9.887695312500000000e+00
-1.560058593750000000e+01
-1.384277343750000000e+01
-1.252441406250000000e+01
-1.472167968750000000e+01
-9.887695312500000000e+00
-1.120605468750000000e+01
-1.340332031250000000e+01
-1.384277343750000000e+01
-1.252441406250000000e+01
-1.032714843750000000e+01
